00000000 0D010800 00000000 00000800 00000000 00000000 00000000 00000000 00000000 00000000 00000000 00000000 00000000 00000000 00000000 00000000 00000000 00000000
00000001 C3010400 00000000 00000400 00000000 00000000 00000000 00000000 00000000 00000000 00000000 00000000 00000000 00000000 00000000 00000800 00000000 00000000
00000002 B1000005 00000000 00000005 00000000 00000007 00000000 00000000 00000000 00000000 00000000 00000000 00000000 00000000 00000000 00000800 00000000 00000000
00000005 0DD1FFFD 00000000 fffffffd 00000000 00000007 00000000 00000000 00000000 00000000 00000000 00000000 00000000 00000000 00000000 00000800 00000000 00000003
00000006 D9D10002 00000000 00000002 00000000 00000007 00000000 00000000 00000000 00000000 00000000 00000000 00000000 00000000 00000000 000007fd 00000000 00000003
00000007 DFD10001 00000000 00000001 00000000 00000007 00000000 00000000 00000000 00000000 00000000 00000000 00000000 00000000 00000000 000007fd 00000000 00000003
00000008 D3D10000 00000000 00000000 00000000 00000007 00000000 00000000 00000000 00000000 00000000 00000000 00000000 00000000 00000000 000007fd 00000000 00000003
00000009 05010001 00000000 00000001 00000000 00000007 00000000 00000000 00000000 00000000 00000000 00000000 00000000 00000000 00000000 000007fd 00000000 00000003
0000000A 8135000E 00000000 0000000e 00000000 00000007 00000000 00000001 00000000 00000000 00000000 00000000 00000000 00000000 00000000 000007fd 00000000 00000003
0000000E 13310001 00000000 00000001 00000000 00000007 00000000 00000001 00000000 00000000 00000000 00000000 00000000 00000000 00000000 000007fd 00000000 00000003
0000000F B1000005 00000000 00000005 00000000 00000006 00000000 00000001 00000000 00000000 00000000 00000000 00000000 00000000 00000000 000007fd 00000000 00000003
00000005 0DD1FFFD 00000000 fffffffd 00000000 00000006 00000000 00000001 00000000 00000000 00000000 00000000 00000000 00000000 00000000 000007fd 00000000 00000010
00000006 D9D10002 00000000 00000002 00000000 00000006 00000000 00000001 00000000 00000000 00000000 00000000 00000000 00000000 00000000 000007fa 00000000 00000010
00000007 DFD10001 00000000 00000001 00000000 00000006 00000000 00000001 00000000 00000000 00000000 00000000 00000000 00000000 00000000 000007fa 00000000 00000010
00000008 D3D10000 00000000 00000000 00000000 00000006 00000000 00000001 00000000 00000000 00000000 00000000 00000000 00000000 00000000 000007fa 00000000 00000010
00000009 05010001 00000000 00000001 00000000 00000006 00000000 00000001 00000000 00000000 00000000 00000000 00000000 00000000 00000000 000007fa 00000000 00000010
0000000A 8135000E 00000000 0000000e 00000000 00000006 00000000 00000001 00000000 00000000 00000000 00000000 00000000 00000000 00000000 000007fa 00000000 00000010
0000000E 13310001 00000000 00000001 00000000 00000006 00000000 00000001 00000000 00000000 00000000 00000000 00000000 00000000 00000000 000007fa 00000000 00000010
0000000F B1000005 00000000 00000005 00000000 00000005 00000000 00000001 00000000 00000000 00000000 00000000 00000000 00000000 00000000 000007fa 00000000 00000010
00000005 0DD1FFFD 00000000 fffffffd 00000000 00000005 00000000 00000001 00000000 00000000 00000000 00000000 00000000 00000000 00000000 000007fa 00000000 00000010
00000006 D9D10002 00000000 00000002 00000000 00000005 00000000 00000001 00000000 00000000 00000000 00000000 00000000 00000000 00000000 000007f7 00000000 00000010
00000007 DFD10001 00000000 00000001 00000000 00000005 00000000 00000001 00000000 00000000 00000000 00000000 00000000 00000000 00000000 000007f7 00000000 00000010
00000008 D3D10000 00000000 00000000 00000000 00000005 00000000 00000001 00000000 00000000 00000000 00000000 00000000 00000000 00000000 000007f7 00000000 00000010
00000009 05010001 00000000 00000001 00000000 00000005 00000000 00000001 00000000 00000000 00000000 00000000 00000000 00000000 00000000 000007f7 00000000 00000010
0000000A 8135000E 00000000 0000000e 00000000 00000005 00000000 00000001 00000000 00000000 00000000 00000000 00000000 00000000 00000000 000007f7 00000000 00000010
0000000E 13310001 00000000 00000001 00000000 00000005 00000000 00000001 00000000 00000000 00000000 00000000 00000000 00000000 00000000 000007f7 00000000 00000010
0000000F B1000005 00000000 00000005 00000000 00000004 00000000 00000001 00000000 00000000 00000000 00000000 00000000 00000000 00000000 000007f7 00000000 00000010
00000005 0DD1FFFD 00000000 fffffffd 00000000 00000004 00000000 00000001 00000000 00000000 00000000 00000000 00000000 00000000 00000000 000007f7 00000000 00000010
00000006 D9D10002 00000000 00000002 00000000 00000004 00000000 00000001 00000000 00000000 00000000 00000000 00000000 00000000 00000000 000007f4 00000000 00000010
00000007 DFD10001 00000000 00000001 00000000 00000004 00000000 00000001 00000000 00000000 00000000 00000000 00000000 00000000 00000000 000007f4 00000000 00000010
00000008 D3D10000 00000000 00000000 00000000 00000004 00000000 00000001 00000000 00000000 00000000 00000000 00000000 00000000 00000000 000007f4 00000000 00000010
00000009 05010001 00000000 00000001 00000000 00000004 00000000 00000001 00000000 00000000 00000000 00000000 00000000 00000000 00000000 000007f4 00000000 00000010
0000000A 8135000E 00000000 0000000e 00000000 00000004 00000000 00000001 00000000 00000000 00000000 00000000 00000000 00000000 00000000 000007f4 00000000 00000010
0000000E 13310001 00000000 00000001 00000000 00000004 00000000 00000001 00000000 00000000 00000000 00000000 00000000 00000000 00000000 000007f4 00000000 00000010
0000000F B1000005 00000000 00000005 00000000 00000003 00000000 00000001 00000000 00000000 00000000 00000000 00000000 00000000 00000000 000007f4 00000000 00000010
00000005 0DD1FFFD 00000000 fffffffd 00000000 00000003 00000000 00000001 00000000 00000000 00000000 00000000 00000000 00000000 00000000 000007f4 00000000 00000010
00000006 D9D10002 00000000 00000002 00000000 00000003 00000000 00000001 00000000 00000000 00000000 00000000 00000000 00000000 00000000 000007f1 00000000 00000010
00000007 DFD10001 00000000 00000001 00000000 00000003 00000000 00000001 00000000 00000000 00000000 00000000 00000000 00000000 00000000 000007f1 00000000 00000010
00000008 D3D10000 00000000 00000000 00000000 00000003 00000000 00000001 00000000 00000000 00000000 00000000 00000000 00000000 00000000 000007f1 00000000 00000010
00000009 05010001 00000000 00000001 00000000 00000003 00000000 00000001 00000000 00000000 00000000 00000000 00000000 00000000 00000000 000007f1 00000000 00000010
0000000A 8135000E 00000000 0000000e 00000000 00000003 00000000 00000001 00000000 00000000 00000000 00000000 00000000 00000000 00000000 000007f1 00000000 00000010
0000000E 13310001 00000000 00000001 00000000 00000003 00000000 00000001 00000000 00000000 00000000 00000000 00000000 00000000 00000000 000007f1 00000000 00000010
0000000F B1000005 00000000 00000005 00000000 00000002 00000000 00000001 00000000 00000000 00000000 00000000 00000000 00000000 00000000 000007f1 00000000 00000010
00000005 0DD1FFFD 00000000 fffffffd 00000000 00000002 00000000 00000001 00000000 00000000 00000000 00000000 00000000 00000000 00000000 000007f1 00000000 00000010
00000006 D9D10002 00000000 00000002 00000000 00000002 00000000 00000001 00000000 00000000 00000000 00000000 00000000 00000000 00000000 000007ee 00000000 00000010
00000007 DFD10001 00000000 00000001 00000000 00000002 00000000 00000001 00000000 00000000 00000000 00000000 00000000 00000000 00000000 000007ee 00000000 00000010
00000008 D3D10000 00000000 00000000 00000000 00000002 00000000 00000001 00000000 00000000 00000000 00000000 00000000 00000000 00000000 000007ee 00000000 00000010
00000009 05010001 00000000 00000001 00000000 00000002 00000000 00000001 00000000 00000000 00000000 00000000 00000000 00000000 00000000 000007ee 00000000 00000010
0000000A 8135000E 00000000 0000000e 00000000 00000002 00000000 00000001 00000000 00000000 00000000 00000000 00000000 00000000 00000000 000007ee 00000000 00000010
0000000E 13310001 00000000 00000001 00000000 00000002 00000000 00000001 00000000 00000000 00000000 00000000 00000000 00000000 00000000 000007ee 00000000 00000010
0000000F B1000005 00000000 00000005 00000000 00000001 00000000 00000001 00000000 00000000 00000000 00000000 00000000 00000000 00000000 000007ee 00000000 00000010
00000005 0DD1FFFD 00000000 fffffffd 00000000 00000001 00000000 00000001 00000000 00000000 00000000 00000000 00000000 00000000 00000000 000007ee 00000000 00000010
00000006 D9D10002 00000000 00000002 00000000 00000001 00000000 00000001 00000000 00000000 00000000 00000000 00000000 00000000 00000000 000007eb 00000000 00000010
00000007 DFD10001 00000000 00000001 00000000 00000001 00000000 00000001 00000000 00000000 00000000 00000000 00000000 00000000 00000000 000007eb 00000000 00000010
00000008 D3D10000 00000000 00000000 00000000 00000001 00000000 00000001 00000000 00000000 00000000 00000000 00000000 00000000 00000000 000007eb 00000000 00000010
00000009 05010001 00000000 00000001 00000000 00000001 00000000 00000001 00000000 00000000 00000000 00000000 00000000 00000000 00000000 000007eb 00000000 00000010
0000000A 8135000E 00000000 0000000e 00000000 00000001 00000000 00000001 00000000 00000000 00000000 00000000 00000000 00000000 00000000 000007eb 00000000 00000010
0000000B 02300000 00000000 00000000 00000000 00000001 00000000 00000001 00000000 00000000 00000000 00000000 00000000 00000000 00000000 000007eb 00000000 00000010
0000000C 0DD10003 00000000 00000003 00000001 00000001 00000000 00000001 00000000 00000000 00000000 00000000 00000000 00000000 00000000 000007eb 00000000 00000010
0000000D 7F000000 00000000 00000000 00000001 00000001 00000000 00000001 00000000 00000000 00000000 00000000 00000000 00000000 00000000 000007ee 00000000 00000010
00000010 09210000 00000000 00000000 00000001 00000001 00000000 00000001 00000000 00000000 00000000 00000000 00000000 00000000 00000000 000007ee 00000000 00000010
00000011 C3D10000 00000000 00000000 00000001 00000001 00000000 00000001 00000000 00000000 00000000 00000001 00000000 00000000 00000000 000007ee 00000000 00000010
00000012 13310002 00000000 00000002 00000001 00000002 00000000 00000001 00000000 00000000 00000000 00000001 00000000 00000000 00000000 000007ee 00000000 00000010
00000013 B1000005 00000000 00000005 00000001 00000000 00000000 00000001 00000000 00000000 00000000 00000001 00000000 00000000 00000000 000007ee 00000000 00000010
00000005 0DD1FFFD 00000000 fffffffd 00000001 00000000 00000000 00000001 00000000 00000000 00000000 00000001 00000000 00000000 00000000 000007ee 00000000 00000014
00000006 D9D10002 00000000 00000002 00000001 00000000 00000000 00000001 00000000 00000000 00000000 00000001 00000000 00000000 00000000 000007eb 00000000 00000014
00000007 DFD10001 00000000 00000001 00000001 00000000 00000000 00000001 00000000 00000000 00000000 00000001 00000000 00000000 00000000 000007eb 00000000 00000014
00000008 D3D10000 00000000 00000000 00000001 00000000 00000000 00000001 00000000 00000000 00000000 00000001 00000000 00000000 00000000 000007eb 00000000 00000014
00000009 05010001 00000000 00000001 00000001 00000000 00000000 00000001 00000000 00000000 00000000 00000001 00000000 00000000 00000000 000007eb 00000000 00000014
0000000A 8135000E 00000000 0000000e 00000001 00000000 00000000 00000001 00000000 00000000 00000000 00000001 00000000 00000000 00000000 000007eb 00000000 00000014
0000000B 02300000 00000000 00000000 00000001 00000000 00000000 00000001 00000000 00000000 00000000 00000001 00000000 00000000 00000000 000007eb 00000000 00000014
0000000C 0DD10003 00000000 00000003 00000000 00000000 00000000 00000001 00000000 00000000 00000000 00000001 00000000 00000000 00000000 000007eb 00000000 00000014
0000000D 7F000000 00000000 00000000 00000000 00000000 00000000 00000001 00000000 00000000 00000000 00000001 00000000 00000000 00000000 000007ee 00000000 00000014
00000014 02290000 00000000 00000000 00000000 00000000 00000000 00000001 00000000 00000000 00000000 00000001 00000000 00000000 00000000 000007ee 00000000 00000014
00000015 C3D10000 00000000 00000000 00000001 00000000 00000000 00000001 00000000 00000000 00000000 00000001 00000000 00000000 00000000 000007ee 00000000 00000014
00000016 CFD10001 00000000 00000001 00000001 00000002 00000000 00000001 00000000 00000000 00000000 00000001 00000000 00000000 00000000 000007ee 00000000 00000014
00000017 C9D10002 00000000 00000002 00000001 00000002 00000000 00000001 00000000 00000000 00000000 00000001 00000000 00000000 00000000 000007ee 00000000 00000010
00000018 0DD10003 00000000 00000003 00000001 00000002 00000000 00000001 00000000 00000000 00000000 00000000 00000000 00000000 00000000 000007ee 00000000 00000010
00000019 7F000000 00000000 00000000 00000001 00000002 00000000 00000001 00000000 00000000 00000000 00000000 00000000 00000000 00000000 000007f1 00000000 00000010
00000010 09210000 00000000 00000000 00000001 00000002 00000000 00000001 00000000 00000000 00000000 00000000 00000000 00000000 00000000 000007f1 00000000 00000010
00000011 C3D10000 00000000 00000000 00000001 00000002 00000000 00000001 00000000 00000000 00000000 00000001 00000000 00000000 00000000 000007f1 00000000 00000010
00000012 13310002 00000000 00000002 00000001 00000003 00000000 00000001 00000000 00000000 00000000 00000001 00000000 00000000 00000000 000007f1 00000000 00000010
00000013 B1000005 00000000 00000005 00000001 00000001 00000000 00000001 00000000 00000000 00000000 00000001 00000000 00000000 00000000 000007f1 00000000 00000010
00000005 0DD1FFFD 00000000 fffffffd 00000001 00000001 00000000 00000001 00000000 00000000 00000000 00000001 00000000 00000000 00000000 000007f1 00000000 00000014
00000006 D9D10002 00000000 00000002 00000001 00000001 00000000 00000001 00000000 00000000 00000000 00000001 00000000 00000000 00000000 000007ee 00000000 00000014
00000007 DFD10001 00000000 00000001 00000001 00000001 00000000 00000001 00000000 00000000 00000000 00000001 00000000 00000000 00000000 000007ee 00000000 00000014
00000008 D3D10000 00000000 00000000 00000001 00000001 00000000 00000001 00000000 00000000 00000000 00000001 00000000 00000000 00000000 000007ee 00000000 00000014
00000009 05010001 00000000 00000001 00000001 00000001 00000000 00000001 00000000 00000000 00000000 00000001 00000000 00000000 00000000 000007ee 00000000 00000014
0000000A 8135000E 00000000 0000000e 00000001 00000001 00000000 00000001 00000000 00000000 00000000 00000001 00000000 00000000 00000000 000007ee 00000000 00000014
0000000B 02300000 00000000 00000000 00000001 00000001 00000000 00000001 00000000 00000000 00000000 00000001 00000000 00000000 00000000 000007ee 00000000 00000014
0000000C 0DD10003 00000000 00000003 00000001 00000001 00000000 00000001 00000000 00000000 00000000 00000001 00000000 00000000 00000000 000007ee 00000000 00000014
0000000D 7F000000 00000000 00000000 00000001 00000001 00000000 00000001 00000000 00000000 00000000 00000001 00000000 00000000 00000000 000007f1 00000000 00000014
00000014 02290000 00000000 00000000 00000001 00000001 00000000 00000001 00000000 00000000 00000000 00000001 00000000 00000000 00000000 000007f1 00000000 00000014
00000015 C3D10000 00000000 00000000 00000002 00000001 00000000 00000001 00000000 00000000 00000000 00000001 00000000 00000000 00000000 000007f1 00000000 00000014
00000016 CFD10001 00000000 00000001 00000002 00000003 00000000 00000001 00000000 00000000 00000000 00000001 00000000 00000000 00000000 000007f1 00000000 00000014
00000017 C9D10002 00000000 00000002 00000002 00000003 00000000 00000001 00000000 00000000 00000000 00000001 00000000 00000000 00000000 000007f1 00000000 00000010
00000018 0DD10003 00000000 00000003 00000002 00000003 00000000 00000001 00000000 00000000 00000000 00000000 00000000 00000000 00000000 000007f1 00000000 00000010
00000019 7F000000 00000000 00000000 00000002 00000003 00000000 00000001 00000000 00000000 00000000 00000000 00000000 00000000 00000000 000007f4 00000000 00000010
00000010 09210000 00000000 00000000 00000002 00000003 00000000 00000001 00000000 00000000 00000000 00000000 00000000 00000000 00000000 000007f4 00000000 00000010
00000011 C3D10000 00000000 00000000 00000002 00000003 00000000 00000001 00000000 00000000 00000000 00000002 00000000 00000000 00000000 000007f4 00000000 00000010
00000012 13310002 00000000 00000002 00000002 00000004 00000000 00000001 00000000 00000000 00000000 00000002 00000000 00000000 00000000 000007f4 00000000 00000010
00000013 B1000005 00000000 00000005 00000002 00000002 00000000 00000001 00000000 00000000 00000000 00000002 00000000 00000000 00000000 000007f4 00000000 00000010
00000005 0DD1FFFD 00000000 fffffffd 00000002 00000002 00000000 00000001 00000000 00000000 00000000 00000002 00000000 00000000 00000000 000007f4 00000000 00000014
00000006 D9D10002 00000000 00000002 00000002 00000002 00000000 00000001 00000000 00000000 00000000 00000002 00000000 00000000 00000000 000007f1 00000000 00000014
00000007 DFD10001 00000000 00000001 00000002 00000002 00000000 00000001 00000000 00000000 00000000 00000002 00000000 00000000 00000000 000007f1 00000000 00000014
00000008 D3D10000 00000000 00000000 00000002 00000002 00000000 00000001 00000000 00000000 00000000 00000002 00000000 00000000 00000000 000007f1 00000000 00000014
00000009 05010001 00000000 00000001 00000002 00000002 00000000 00000001 00000000 00000000 00000000 00000002 00000000 00000000 00000000 000007f1 00000000 00000014
0000000A 8135000E 00000000 0000000e 00000002 00000002 00000000 00000001 00000000 00000000 00000000 00000002 00000000 00000000 00000000 000007f1 00000000 00000014
0000000E 13310001 00000000 00000001 00000002 00000002 00000000 00000001 00000000 00000000 00000000 00000002 00000000 00000000 00000000 000007f1 00000000 00000014
0000000F B1000005 00000000 00000005 00000002 00000001 00000000 00000001 00000000 00000000 00000000 00000002 00000000 00000000 00000000 000007f1 00000000 00000014
00000005 0DD1FFFD 00000000 fffffffd 00000002 00000001 00000000 00000001 00000000 00000000 00000000 00000002 00000000 00000000 00000000 000007f1 00000000 00000010
00000006 D9D10002 00000000 00000002 00000002 00000001 00000000 00000001 00000000 00000000 00000000 00000002 00000000 00000000 00000000 000007ee 00000000 00000010
00000007 DFD10001 00000000 00000001 00000002 00000001 00000000 00000001 00000000 00000000 00000000 00000002 00000000 00000000 00000000 000007ee 00000000 00000010
00000008 D3D10000 00000000 00000000 00000002 00000001 00000000 00000001 00000000 00000000 00000000 00000002 00000000 00000000 00000000 000007ee 00000000 00000010
00000009 05010001 00000000 00000001 00000002 00000001 00000000 00000001 00000000 00000000 00000000 00000002 00000000 00000000 00000000 000007ee 00000000 00000010
0000000A 8135000E 00000000 0000000e 00000002 00000001 00000000 00000001 00000000 00000000 00000000 00000002 00000000 00000000 00000000 000007ee 00000000 00000010
0000000B 02300000 00000000 00000000 00000002 00000001 00000000 00000001 00000000 00000000 00000000 00000002 00000000 00000000 00000000 000007ee 00000000 00000010
0000000C 0DD10003 00000000 00000003 00000001 00000001 00000000 00000001 00000000 00000000 00000000 00000002 00000000 00000000 00000000 000007ee 00000000 00000010
0000000D 7F000000 00000000 00000000 00000001 00000001 00000000 00000001 00000000 00000000 00000000 00000002 00000000 00000000 00000000 000007f1 00000000 00000010
00000010 09210000 00000000 00000000 00000001 00000001 00000000 00000001 00000000 00000000 00000000 00000002 00000000 00000000 00000000 000007f1 00000000 00000010
00000011 C3D10000 00000000 00000000 00000001 00000001 00000000 00000001 00000000 00000000 00000000 00000001 00000000 00000000 00000000 000007f1 00000000 00000010
00000012 13310002 00000000 00000002 00000001 00000002 00000000 00000001 00000000 00000000 00000000 00000001 00000000 00000000 00000000 000007f1 00000000 00000010
00000013 B1000005 00000000 00000005 00000001 00000000 00000000 00000001 00000000 00000000 00000000 00000001 00000000 00000000 00000000 000007f1 00000000 00000010
00000005 0DD1FFFD 00000000 fffffffd 00000001 00000000 00000000 00000001 00000000 00000000 00000000 00000001 00000000 00000000 00000000 000007f1 00000000 00000014
00000006 D9D10002 00000000 00000002 00000001 00000000 00000000 00000001 00000000 00000000 00000000 00000001 00000000 00000000 00000000 000007ee 00000000 00000014
00000007 DFD10001 00000000 00000001 00000001 00000000 00000000 00000001 00000000 00000000 00000000 00000001 00000000 00000000 00000000 000007ee 00000000 00000014
00000008 D3D10000 00000000 00000000 00000001 00000000 00000000 00000001 00000000 00000000 00000000 00000001 00000000 00000000 00000000 000007ee 00000000 00000014
00000009 05010001 00000000 00000001 00000001 00000000 00000000 00000001 00000000 00000000 00000000 00000001 00000000 00000000 00000000 000007ee 00000000 00000014
0000000A 8135000E 00000000 0000000e 00000001 00000000 00000000 00000001 00000000 00000000 00000000 00000001 00000000 00000000 00000000 000007ee 00000000 00000014
0000000B 02300000 00000000 00000000 00000001 00000000 00000000 00000001 00000000 00000000 00000000 00000001 00000000 00000000 00000000 000007ee 00000000 00000014
0000000C 0DD10003 00000000 00000003 00000000 00000000 00000000 00000001 00000000 00000000 00000000 00000001 00000000 00000000 00000000 000007ee 00000000 00000014
0000000D 7F000000 00000000 00000000 00000000 00000000 00000000 00000001 00000000 00000000 00000000 00000001 00000000 00000000 00000000 000007f1 00000000 00000014
00000014 02290000 00000000 00000000 00000000 00000000 00000000 00000001 00000000 00000000 00000000 00000001 00000000 00000000 00000000 000007f1 00000000 00000014
00000015 C3D10000 00000000 00000000 00000001 00000000 00000000 00000001 00000000 00000000 00000000 00000001 00000000 00000000 00000000 000007f1 00000000 00000014
00000016 CFD10001 00000000 00000001 00000001 00000002 00000000 00000001 00000000 00000000 00000000 00000001 00000000 00000000 00000000 000007f1 00000000 00000014
00000017 C9D10002 00000000 00000002 00000001 00000002 00000000 00000001 00000000 00000000 00000000 00000001 00000000 00000000 00000000 000007f1 00000000 00000014
00000018 0DD10003 00000000 00000003 00000001 00000002 00000000 00000001 00000000 00000000 00000000 00000002 00000000 00000000 00000000 000007f1 00000000 00000014
00000019 7F000000 00000000 00000000 00000001 00000002 00000000 00000001 00000000 00000000 00000000 00000002 00000000 00000000 00000000 000007f4 00000000 00000014
00000014 02290000 00000000 00000000 00000001 00000002 00000000 00000001 00000000 00000000 00000000 00000002 00000000 00000000 00000000 000007f4 00000000 00000014
00000015 C3D10000 00000000 00000000 00000003 00000002 00000000 00000001 00000000 00000000 00000000 00000002 00000000 00000000 00000000 000007f4 00000000 00000014
00000016 CFD10001 00000000 00000001 00000003 00000004 00000000 00000001 00000000 00000000 00000000 00000002 00000000 00000000 00000000 000007f4 00000000 00000014
00000017 C9D10002 00000000 00000002 00000003 00000004 00000000 00000001 00000000 00000000 00000000 00000002 00000000 00000000 00000000 000007f4 00000000 00000010
00000018 0DD10003 00000000 00000003 00000003 00000004 00000000 00000001 00000000 00000000 00000000 00000000 00000000 00000000 00000000 000007f4 00000000 00000010
00000019 7F000000 00000000 00000000 00000003 00000004 00000000 00000001 00000000 00000000 00000000 00000000 00000000 00000000 00000000 000007f7 00000000 00000010
00000010 09210000 00000000 00000000 00000003 00000004 00000000 00000001 00000000 00000000 00000000 00000000 00000000 00000000 00000000 000007f7 00000000 00000010
00000011 C3D10000 00000000 00000000 00000003 00000004 00000000 00000001 00000000 00000000 00000000 00000003 00000000 00000000 00000000 000007f7 00000000 00000010
00000012 13310002 00000000 00000002 00000003 00000005 00000000 00000001 00000000 00000000 00000000 00000003 00000000 00000000 00000000 000007f7 00000000 00000010
00000013 B1000005 00000000 00000005 00000003 00000003 00000000 00000001 00000000 00000000 00000000 00000003 00000000 00000000 00000000 000007f7 00000000 00000010
00000005 0DD1FFFD 00000000 fffffffd 00000003 00000003 00000000 00000001 00000000 00000000 00000000 00000003 00000000 00000000 00000000 000007f7 00000000 00000014
00000006 D9D10002 00000000 00000002 00000003 00000003 00000000 00000001 00000000 00000000 00000000 00000003 00000000 00000000 00000000 000007f4 00000000 00000014
00000007 DFD10001 00000000 00000001 00000003 00000003 00000000 00000001 00000000 00000000 00000000 00000003 00000000 00000000 00000000 000007f4 00000000 00000014
00000008 D3D10000 00000000 00000000 00000003 00000003 00000000 00000001 00000000 00000000 00000000 00000003 00000000 00000000 00000000 000007f4 00000000 00000014
00000009 05010001 00000000 00000001 00000003 00000003 00000000 00000001 00000000 00000000 00000000 00000003 00000000 00000000 00000000 000007f4 00000000 00000014
0000000A 8135000E 00000000 0000000e 00000003 00000003 00000000 00000001 00000000 00000000 00000000 00000003 00000000 00000000 00000000 000007f4 00000000 00000014
0000000E 13310001 00000000 00000001 00000003 00000003 00000000 00000001 00000000 00000000 00000000 00000003 00000000 00000000 00000000 000007f4 00000000 00000014
0000000F B1000005 00000000 00000005 00000003 00000002 00000000 00000001 00000000 00000000 00000000 00000003 00000000 00000000 00000000 000007f4 00000000 00000014
00000005 0DD1FFFD 00000000 fffffffd 00000003 00000002 00000000 00000001 00000000 00000000 00000000 00000003 00000000 00000000 00000000 000007f4 00000000 00000010
00000006 D9D10002 00000000 00000002 00000003 00000002 00000000 00000001 00000000 00000000 00000000 00000003 00000000 00000000 00000000 000007f1 00000000 00000010
00000007 DFD10001 00000000 00000001 00000003 00000002 00000000 00000001 00000000 00000000 00000000 00000003 00000000 00000000 00000000 000007f1 00000000 00000010
00000008 D3D10000 00000000 00000000 00000003 00000002 00000000 00000001 00000000 00000000 00000000 00000003 00000000 00000000 00000000 000007f1 00000000 00000010
00000009 05010001 00000000 00000001 00000003 00000002 00000000 00000001 00000000 00000000 00000000 00000003 00000000 00000000 00000000 000007f1 00000000 00000010
0000000A 8135000E 00000000 0000000e 00000003 00000002 00000000 00000001 00000000 00000000 00000000 00000003 00000000 00000000 00000000 000007f1 00000000 00000010
0000000E 13310001 00000000 00000001 00000003 00000002 00000000 00000001 00000000 00000000 00000000 00000003 00000000 00000000 00000000 000007f1 00000000 00000010
0000000F B1000005 00000000 00000005 00000003 00000001 00000000 00000001 00000000 00000000 00000000 00000003 00000000 00000000 00000000 000007f1 00000000 00000010
00000005 0DD1FFFD 00000000 fffffffd 00000003 00000001 00000000 00000001 00000000 00000000 00000000 00000003 00000000 00000000 00000000 000007f1 00000000 00000010
00000006 D9D10002 00000000 00000002 00000003 00000001 00000000 00000001 00000000 00000000 00000000 00000003 00000000 00000000 00000000 000007ee 00000000 00000010
00000007 DFD10001 00000000 00000001 00000003 00000001 00000000 00000001 00000000 00000000 00000000 00000003 00000000 00000000 00000000 000007ee 00000000 00000010
00000008 D3D10000 00000000 00000000 00000003 00000001 00000000 00000001 00000000 00000000 00000000 00000003 00000000 00000000 00000000 000007ee 00000000 00000010
00000009 05010001 00000000 00000001 00000003 00000001 00000000 00000001 00000000 00000000 00000000 00000003 00000000 00000000 00000000 000007ee 00000000 00000010
0000000A 8135000E 00000000 0000000e 00000003 00000001 00000000 00000001 00000000 00000000 00000000 00000003 00000000 00000000 00000000 000007ee 00000000 00000010
0000000B 02300000 00000000 00000000 00000003 00000001 00000000 00000001 00000000 00000000 00000000 00000003 00000000 00000000 00000000 000007ee 00000000 00000010
0000000C 0DD10003 00000000 00000003 00000001 00000001 00000000 00000001 00000000 00000000 00000000 00000003 00000000 00000000 00000000 000007ee 00000000 00000010
0000000D 7F000000 00000000 00000000 00000001 00000001 00000000 00000001 00000000 00000000 00000000 00000003 00000000 00000000 00000000 000007f1 00000000 00000010
00000010 09210000 00000000 00000000 00000001 00000001 00000000 00000001 00000000 00000000 00000000 00000003 00000000 00000000 00000000 000007f1 00000000 00000010
00000011 C3D10000 00000000 00000000 00000001 00000001 00000000 00000001 00000000 00000000 00000000 00000001 00000000 00000000 00000000 000007f1 00000000 00000010
00000012 13310002 00000000 00000002 00000001 00000002 00000000 00000001 00000000 00000000 00000000 00000001 00000000 00000000 00000000 000007f1 00000000 00000010
00000013 B1000005 00000000 00000005 00000001 00000000 00000000 00000001 00000000 00000000 00000000 00000001 00000000 00000000 00000000 000007f1 00000000 00000010
00000005 0DD1FFFD 00000000 fffffffd 00000001 00000000 00000000 00000001 00000000 00000000 00000000 00000001 00000000 00000000 00000000 000007f1 00000000 00000014
00000006 D9D10002 00000000 00000002 00000001 00000000 00000000 00000001 00000000 00000000 00000000 00000001 00000000 00000000 00000000 000007ee 00000000 00000014
00000007 DFD10001 00000000 00000001 00000001 00000000 00000000 00000001 00000000 00000000 00000000 00000001 00000000 00000000 00000000 000007ee 00000000 00000014
00000008 D3D10000 00000000 00000000 00000001 00000000 00000000 00000001 00000000 00000000 00000000 00000001 00000000 00000000 00000000 000007ee 00000000 00000014
00000009 05010001 00000000 00000001 00000001 00000000 00000000 00000001 00000000 00000000 00000000 00000001 00000000 00000000 00000000 000007ee 00000000 00000014
0000000A 8135000E 00000000 0000000e 00000001 00000000 00000000 00000001 00000000 00000000 00000000 00000001 00000000 00000000 00000000 000007ee 00000000 00000014
0000000B 02300000 00000000 00000000 00000001 00000000 00000000 00000001 00000000 00000000 00000000 00000001 00000000 00000000 00000000 000007ee 00000000 00000014
0000000C 0DD10003 00000000 00000003 00000000 00000000 00000000 00000001 00000000 00000000 00000000 00000001 00000000 00000000 00000000 000007ee 00000000 00000014
0000000D 7F000000 00000000 00000000 00000000 00000000 00000000 00000001 00000000 00000000 00000000 00000001 00000000 00000000 00000000 000007f1 00000000 00000014
00000014 02290000 00000000 00000000 00000000 00000000 00000000 00000001 00000000 00000000 00000000 00000001 00000000 00000000 00000000 000007f1 00000000 00000014
00000015 C3D10000 00000000 00000000 00000001 00000000 00000000 00000001 00000000 00000000 00000000 00000001 00000000 00000000 00000000 000007f1 00000000 00000014
00000016 CFD10001 00000000 00000001 00000001 00000002 00000000 00000001 00000000 00000000 00000000 00000001 00000000 00000000 00000000 000007f1 00000000 00000014
00000017 C9D10002 00000000 00000002 00000001 00000002 00000000 00000001 00000000 00000000 00000000 00000001 00000000 00000000 00000000 000007f1 00000000 00000010
00000018 0DD10003 00000000 00000003 00000001 00000002 00000000 00000001 00000000 00000000 00000000 00000003 00000000 00000000 00000000 000007f1 00000000 00000010
00000019 7F000000 00000000 00000000 00000001 00000002 00000000 00000001 00000000 00000000 00000000 00000003 00000000 00000000 00000000 000007f4 00000000 00000010
00000010 09210000 00000000 00000000 00000001 00000002 00000000 00000001 00000000 00000000 00000000 00000003 00000000 00000000 00000000 000007f4 00000000 00000010
00000011 C3D10000 00000000 00000000 00000001 00000002 00000000 00000001 00000000 00000000 00000000 00000001 00000000 00000000 00000000 000007f4 00000000 00000010
00000012 13310002 00000000 00000002 00000001 00000003 00000000 00000001 00000000 00000000 00000000 00000001 00000000 00000000 00000000 000007f4 00000000 00000010
00000013 B1000005 00000000 00000005 00000001 00000001 00000000 00000001 00000000 00000000 00000000 00000001 00000000 00000000 00000000 000007f4 00000000 00000010
00000005 0DD1FFFD 00000000 fffffffd 00000001 00000001 00000000 00000001 00000000 00000000 00000000 00000001 00000000 00000000 00000000 000007f4 00000000 00000014
00000006 D9D10002 00000000 00000002 00000001 00000001 00000000 00000001 00000000 00000000 00000000 00000001 00000000 00000000 00000000 000007f1 00000000 00000014
00000007 DFD10001 00000000 00000001 00000001 00000001 00000000 00000001 00000000 00000000 00000000 00000001 00000000 00000000 00000000 000007f1 00000000 00000014
00000008 D3D10000 00000000 00000000 00000001 00000001 00000000 00000001 00000000 00000000 00000000 00000001 00000000 00000000 00000000 000007f1 00000000 00000014
00000009 05010001 00000000 00000001 00000001 00000001 00000000 00000001 00000000 00000000 00000000 00000001 00000000 00000000 00000000 000007f1 00000000 00000014
0000000A 8135000E 00000000 0000000e 00000001 00000001 00000000 00000001 00000000 00000000 00000000 00000001 00000000 00000000 00000000 000007f1 00000000 00000014
0000000B 02300000 00000000 00000000 00000001 00000001 00000000 00000001 00000000 00000000 00000000 00000001 00000000 00000000 00000000 000007f1 00000000 00000014
0000000C 0DD10003 00000000 00000003 00000001 00000001 00000000 00000001 00000000 00000000 00000000 00000001 00000000 00000000 00000000 000007f1 00000000 00000014
0000000D 7F000000 00000000 00000000 00000001 00000001 00000000 00000001 00000000 00000000 00000000 00000001 00000000 00000000 00000000 000007f4 00000000 00000014
00000014 02290000 00000000 00000000 00000001 00000001 00000000 00000001 00000000 00000000 00000000 00000001 00000000 00000000 00000000 000007f4 00000000 00000014
00000015 C3D10000 00000000 00000000 00000002 00000001 00000000 00000001 00000000 00000000 00000000 00000001 00000000 00000000 00000000 000007f4 00000000 00000014
00000016 CFD10001 00000000 00000001 00000002 00000003 00000000 00000001 00000000 00000000 00000000 00000001 00000000 00000000 00000000 000007f4 00000000 00000014
00000017 C9D10002 00000000 00000002 00000002 00000003 00000000 00000001 00000000 00000000 00000000 00000001 00000000 00000000 00000000 000007f4 00000000 00000014
00000018 0DD10003 00000000 00000003 00000002 00000003 00000000 00000001 00000000 00000000 00000000 00000003 00000000 00000000 00000000 000007f4 00000000 00000014
00000019 7F000000 00000000 00000000 00000002 00000003 00000000 00000001 00000000 00000000 00000000 00000003 00000000 00000000 00000000 000007f7 00000000 00000014
00000014 02290000 00000000 00000000 00000002 00000003 00000000 00000001 00000000 00000000 00000000 00000003 00000000 00000000 00000000 000007f7 00000000 00000014
00000015 C3D10000 00000000 00000000 00000005 00000003 00000000 00000001 00000000 00000000 00000000 00000003 00000000 00000000 00000000 000007f7 00000000 00000014
00000016 CFD10001 00000000 00000001 00000005 00000005 00000000 00000001 00000000 00000000 00000000 00000003 00000000 00000000 00000000 000007f7 00000000 00000014
00000017 C9D10002 00000000 00000002 00000005 00000005 00000000 00000001 00000000 00000000 00000000 00000003 00000000 00000000 00000000 000007f7 00000000 00000010
00000018 0DD10003 00000000 00000003 00000005 00000005 00000000 00000001 00000000 00000000 00000000 00000000 00000000 00000000 00000000 000007f7 00000000 00000010
00000019 7F000000 00000000 00000000 00000005 00000005 00000000 00000001 00000000 00000000 00000000 00000000 00000000 00000000 00000000 000007fa 00000000 00000010
00000010 09210000 00000000 00000000 00000005 00000005 00000000 00000001 00000000 00000000 00000000 00000000 00000000 00000000 00000000 000007fa 00000000 00000010
00000011 C3D10000 00000000 00000000 00000005 00000005 00000000 00000001 00000000 00000000 00000000 00000005 00000000 00000000 00000000 000007fa 00000000 00000010
00000012 13310002 00000000 00000002 00000005 00000006 00000000 00000001 00000000 00000000 00000000 00000005 00000000 00000000 00000000 000007fa 00000000 00000010
00000013 B1000005 00000000 00000005 00000005 00000004 00000000 00000001 00000000 00000000 00000000 00000005 00000000 00000000 00000000 000007fa 00000000 00000010
00000005 0DD1FFFD 00000000 fffffffd 00000005 00000004 00000000 00000001 00000000 00000000 00000000 00000005 00000000 00000000 00000000 000007fa 00000000 00000014
00000006 D9D10002 00000000 00000002 00000005 00000004 00000000 00000001 00000000 00000000 00000000 00000005 00000000 00000000 00000000 000007f7 00000000 00000014
00000007 DFD10001 00000000 00000001 00000005 00000004 00000000 00000001 00000000 00000000 00000000 00000005 00000000 00000000 00000000 000007f7 00000000 00000014
00000008 D3D10000 00000000 00000000 00000005 00000004 00000000 00000001 00000000 00000000 00000000 00000005 00000000 00000000 00000000 000007f7 00000000 00000014
00000009 05010001 00000000 00000001 00000005 00000004 00000000 00000001 00000000 00000000 00000000 00000005 00000000 00000000 00000000 000007f7 00000000 00000014
0000000A 8135000E 00000000 0000000e 00000005 00000004 00000000 00000001 00000000 00000000 00000000 00000005 00000000 00000000 00000000 000007f7 00000000 00000014
0000000E 13310001 00000000 00000001 00000005 00000004 00000000 00000001 00000000 00000000 00000000 00000005 00000000 00000000 00000000 000007f7 00000000 00000014
0000000F B1000005 00000000 00000005 00000005 00000003 00000000 00000001 00000000 00000000 00000000 00000005 00000000 00000000 00000000 000007f7 00000000 00000014
00000005 0DD1FFFD 00000000 fffffffd 00000005 00000003 00000000 00000001 00000000 00000000 00000000 00000005 00000000 00000000 00000000 000007f7 00000000 00000010
00000006 D9D10002 00000000 00000002 00000005 00000003 00000000 00000001 00000000 00000000 00000000 00000005 00000000 00000000 00000000 000007f4 00000000 00000010
00000007 DFD10001 00000000 00000001 00000005 00000003 00000000 00000001 00000000 00000000 00000000 00000005 00000000 00000000 00000000 000007f4 00000000 00000010
00000008 D3D10000 00000000 00000000 00000005 00000003 00000000 00000001 00000000 00000000 00000000 00000005 00000000 00000000 00000000 000007f4 00000000 00000010
00000009 05010001 00000000 00000001 00000005 00000003 00000000 00000001 00000000 00000000 00000000 00000005 00000000 00000000 00000000 000007f4 00000000 00000010
0000000A 8135000E 00000000 0000000e 00000005 00000003 00000000 00000001 00000000 00000000 00000000 00000005 00000000 00000000 00000000 000007f4 00000000 00000010
0000000E 13310001 00000000 00000001 00000005 00000003 00000000 00000001 00000000 00000000 00000000 00000005 00000000 00000000 00000000 000007f4 00000000 00000010
0000000F B1000005 00000000 00000005 00000005 00000002 00000000 00000001 00000000 00000000 00000000 00000005 00000000 00000000 00000000 000007f4 00000000 00000010
00000005 0DD1FFFD 00000000 fffffffd 00000005 00000002 00000000 00000001 00000000 00000000 00000000 00000005 00000000 00000000 00000000 000007f4 00000000 00000010
00000006 D9D10002 00000000 00000002 00000005 00000002 00000000 00000001 00000000 00000000 00000000 00000005 00000000 00000000 00000000 000007f1 00000000 00000010
00000007 DFD10001 00000000 00000001 00000005 00000002 00000000 00000001 00000000 00000000 00000000 00000005 00000000 00000000 00000000 000007f1 00000000 00000010
00000008 D3D10000 00000000 00000000 00000005 00000002 00000000 00000001 00000000 00000000 00000000 00000005 00000000 00000000 00000000 000007f1 00000000 00000010
00000009 05010001 00000000 00000001 00000005 00000002 00000000 00000001 00000000 00000000 00000000 00000005 00000000 00000000 00000000 000007f1 00000000 00000010
0000000A 8135000E 00000000 0000000e 00000005 00000002 00000000 00000001 00000000 00000000 00000000 00000005 00000000 00000000 00000000 000007f1 00000000 00000010
0000000E 13310001 00000000 00000001 00000005 00000002 00000000 00000001 00000000 00000000 00000000 00000005 00000000 00000000 00000000 000007f1 00000000 00000010
0000000F B1000005 00000000 00000005 00000005 00000001 00000000 00000001 00000000 00000000 00000000 00000005 00000000 00000000 00000000 000007f1 00000000 00000010
00000005 0DD1FFFD 00000000 fffffffd 00000005 00000001 00000000 00000001 00000000 00000000 00000000 00000005 00000000 00000000 00000000 000007f1 00000000 00000010
00000006 D9D10002 00000000 00000002 00000005 00000001 00000000 00000001 00000000 00000000 00000000 00000005 00000000 00000000 00000000 000007ee 00000000 00000010
00000007 DFD10001 00000000 00000001 00000005 00000001 00000000 00000001 00000000 00000000 00000000 00000005 00000000 00000000 00000000 000007ee 00000000 00000010
00000008 D3D10000 00000000 00000000 00000005 00000001 00000000 00000001 00000000 00000000 00000000 00000005 00000000 00000000 00000000 000007ee 00000000 00000010
00000009 05010001 00000000 00000001 00000005 00000001 00000000 00000001 00000000 00000000 00000000 00000005 00000000 00000000 00000000 000007ee 00000000 00000010
0000000A 8135000E 00000000 0000000e 00000005 00000001 00000000 00000001 00000000 00000000 00000000 00000005 00000000 00000000 00000000 000007ee 00000000 00000010
0000000B 02300000 00000000 00000000 00000005 00000001 00000000 00000001 00000000 00000000 00000000 00000005 00000000 00000000 00000000 000007ee 00000000 00000010
0000000C 0DD10003 00000000 00000003 00000001 00000001 00000000 00000001 00000000 00000000 00000000 00000005 00000000 00000000 00000000 000007ee 00000000 00000010
0000000D 7F000000 00000000 00000000 00000001 00000001 00000000 00000001 00000000 00000000 00000000 00000005 00000000 00000000 00000000 000007f1 00000000 00000010
00000010 09210000 00000000 00000000 00000001 00000001 00000000 00000001 00000000 00000000 00000000 00000005 00000000 00000000 00000000 000007f1 00000000 00000010
00000011 C3D10000 00000000 00000000 00000001 00000001 00000000 00000001 00000000 00000000 00000000 00000001 00000000 00000000 00000000 000007f1 00000000 00000010
00000012 13310002 00000000 00000002 00000001 00000002 00000000 00000001 00000000 00000000 00000000 00000001 00000000 00000000 00000000 000007f1 00000000 00000010
00000013 B1000005 00000000 00000005 00000001 00000000 00000000 00000001 00000000 00000000 00000000 00000001 00000000 00000000 00000000 000007f1 00000000 00000010
00000005 0DD1FFFD 00000000 fffffffd 00000001 00000000 00000000 00000001 00000000 00000000 00000000 00000001 00000000 00000000 00000000 000007f1 00000000 00000014
00000006 D9D10002 00000000 00000002 00000001 00000000 00000000 00000001 00000000 00000000 00000000 00000001 00000000 00000000 00000000 000007ee 00000000 00000014
00000007 DFD10001 00000000 00000001 00000001 00000000 00000000 00000001 00000000 00000000 00000000 00000001 00000000 00000000 00000000 000007ee 00000000 00000014
00000008 D3D10000 00000000 00000000 00000001 00000000 00000000 00000001 00000000 00000000 00000000 00000001 00000000 00000000 00000000 000007ee 00000000 00000014
00000009 05010001 00000000 00000001 00000001 00000000 00000000 00000001 00000000 00000000 00000000 00000001 00000000 00000000 00000000 000007ee 00000000 00000014
0000000A 8135000E 00000000 0000000e 00000001 00000000 00000000 00000001 00000000 00000000 00000000 00000001 00000000 00000000 00000000 000007ee 00000000 00000014
0000000B 02300000 00000000 00000000 00000001 00000000 00000000 00000001 00000000 00000000 00000000 00000001 00000000 00000000 00000000 000007ee 00000000 00000014
0000000C 0DD10003 00000000 00000003 00000000 00000000 00000000 00000001 00000000 00000000 00000000 00000001 00000000 00000000 00000000 000007ee 00000000 00000014
0000000D 7F000000 00000000 00000000 00000000 00000000 00000000 00000001 00000000 00000000 00000000 00000001 00000000 00000000 00000000 000007f1 00000000 00000014
00000014 02290000 00000000 00000000 00000000 00000000 00000000 00000001 00000000 00000000 00000000 00000001 00000000 00000000 00000000 000007f1 00000000 00000014
00000015 C3D10000 00000000 00000000 00000001 00000000 00000000 00000001 00000000 00000000 00000000 00000001 00000000 00000000 00000000 000007f1 00000000 00000014
00000016 CFD10001 00000000 00000001 00000001 00000002 00000000 00000001 00000000 00000000 00000000 00000001 00000000 00000000 00000000 000007f1 00000000 00000014
00000017 C9D10002 00000000 00000002 00000001 00000002 00000000 00000001 00000000 00000000 00000000 00000001 00000000 00000000 00000000 000007f1 00000000 00000010
00000018 0DD10003 00000000 00000003 00000001 00000002 00000000 00000001 00000000 00000000 00000000 00000005 00000000 00000000 00000000 000007f1 00000000 00000010
00000019 7F000000 00000000 00000000 00000001 00000002 00000000 00000001 00000000 00000000 00000000 00000005 00000000 00000000 00000000 000007f4 00000000 00000010
00000010 09210000 00000000 00000000 00000001 00000002 00000000 00000001 00000000 00000000 00000000 00000005 00000000 00000000 00000000 000007f4 00000000 00000010
00000011 C3D10000 00000000 00000000 00000001 00000002 00000000 00000001 00000000 00000000 00000000 00000001 00000000 00000000 00000000 000007f4 00000000 00000010
00000012 13310002 00000000 00000002 00000001 00000003 00000000 00000001 00000000 00000000 00000000 00000001 00000000 00000000 00000000 000007f4 00000000 00000010
00000013 B1000005 00000000 00000005 00000001 00000001 00000000 00000001 00000000 00000000 00000000 00000001 00000000 00000000 00000000 000007f4 00000000 00000010
00000005 0DD1FFFD 00000000 fffffffd 00000001 00000001 00000000 00000001 00000000 00000000 00000000 00000001 00000000 00000000 00000000 000007f4 00000000 00000014
00000006 D9D10002 00000000 00000002 00000001 00000001 00000000 00000001 00000000 00000000 00000000 00000001 00000000 00000000 00000000 000007f1 00000000 00000014
00000007 DFD10001 00000000 00000001 00000001 00000001 00000000 00000001 00000000 00000000 00000000 00000001 00000000 00000000 00000000 000007f1 00000000 00000014
00000008 D3D10000 00000000 00000000 00000001 00000001 00000000 00000001 00000000 00000000 00000000 00000001 00000000 00000000 00000000 000007f1 00000000 00000014
00000009 05010001 00000000 00000001 00000001 00000001 00000000 00000001 00000000 00000000 00000000 00000001 00000000 00000000 00000000 000007f1 00000000 00000014
0000000A 8135000E 00000000 0000000e 00000001 00000001 00000000 00000001 00000000 00000000 00000000 00000001 00000000 00000000 00000000 000007f1 00000000 00000014
0000000B 02300000 00000000 00000000 00000001 00000001 00000000 00000001 00000000 00000000 00000000 00000001 00000000 00000000 00000000 000007f1 00000000 00000014
0000000C 0DD10003 00000000 00000003 00000001 00000001 00000000 00000001 00000000 00000000 00000000 00000001 00000000 00000000 00000000 000007f1 00000000 00000014
0000000D 7F000000 00000000 00000000 00000001 00000001 00000000 00000001 00000000 00000000 00000000 00000001 00000000 00000000 00000000 000007f4 00000000 00000014
00000014 02290000 00000000 00000000 00000001 00000001 00000000 00000001 00000000 00000000 00000000 00000001 00000000 00000000 00000000 000007f4 00000000 00000014
00000015 C3D10000 00000000 00000000 00000002 00000001 00000000 00000001 00000000 00000000 00000000 00000001 00000000 00000000 00000000 000007f4 00000000 00000014
00000016 CFD10001 00000000 00000001 00000002 00000003 00000000 00000001 00000000 00000000 00000000 00000001 00000000 00000000 00000000 000007f4 00000000 00000014
00000017 C9D10002 00000000 00000002 00000002 00000003 00000000 00000001 00000000 00000000 00000000 00000001 00000000 00000000 00000000 000007f4 00000000 00000010
00000018 0DD10003 00000000 00000003 00000002 00000003 00000000 00000001 00000000 00000000 00000000 00000005 00000000 00000000 00000000 000007f4 00000000 00000010
00000019 7F000000 00000000 00000000 00000002 00000003 00000000 00000001 00000000 00000000 00000000 00000005 00000000 00000000 00000000 000007f7 00000000 00000010
00000010 09210000 00000000 00000000 00000002 00000003 00000000 00000001 00000000 00000000 00000000 00000005 00000000 00000000 00000000 000007f7 00000000 00000010
00000011 C3D10000 00000000 00000000 00000002 00000003 00000000 00000001 00000000 00000000 00000000 00000002 00000000 00000000 00000000 000007f7 00000000 00000010
00000012 13310002 00000000 00000002 00000002 00000004 00000000 00000001 00000000 00000000 00000000 00000002 00000000 00000000 00000000 000007f7 00000000 00000010
00000013 B1000005 00000000 00000005 00000002 00000002 00000000 00000001 00000000 00000000 00000000 00000002 00000000 00000000 00000000 000007f7 00000000 00000010
00000005 0DD1FFFD 00000000 fffffffd 00000002 00000002 00000000 00000001 00000000 00000000 00000000 00000002 00000000 00000000 00000000 000007f7 00000000 00000014
00000006 D9D10002 00000000 00000002 00000002 00000002 00000000 00000001 00000000 00000000 00000000 00000002 00000000 00000000 00000000 000007f4 00000000 00000014
00000007 DFD10001 00000000 00000001 00000002 00000002 00000000 00000001 00000000 00000000 00000000 00000002 00000000 00000000 00000000 000007f4 00000000 00000014
00000008 D3D10000 00000000 00000000 00000002 00000002 00000000 00000001 00000000 00000000 00000000 00000002 00000000 00000000 00000000 000007f4 00000000 00000014
00000009 05010001 00000000 00000001 00000002 00000002 00000000 00000001 00000000 00000000 00000000 00000002 00000000 00000000 00000000 000007f4 00000000 00000014
0000000A 8135000E 00000000 0000000e 00000002 00000002 00000000 00000001 00000000 00000000 00000000 00000002 00000000 00000000 00000000 000007f4 00000000 00000014
0000000E 13310001 00000000 00000001 00000002 00000002 00000000 00000001 00000000 00000000 00000000 00000002 00000000 00000000 00000000 000007f4 00000000 00000014
0000000F B1000005 00000000 00000005 00000002 00000001 00000000 00000001 00000000 00000000 00000000 00000002 00000000 00000000 00000000 000007f4 00000000 00000014
00000005 0DD1FFFD 00000000 fffffffd 00000002 00000001 00000000 00000001 00000000 00000000 00000000 00000002 00000000 00000000 00000000 000007f4 00000000 00000010
00000006 D9D10002 00000000 00000002 00000002 00000001 00000000 00000001 00000000 00000000 00000000 00000002 00000000 00000000 00000000 000007f1 00000000 00000010
00000007 DFD10001 00000000 00000001 00000002 00000001 00000000 00000001 00000000 00000000 00000000 00000002 00000000 00000000 00000000 000007f1 00000000 00000010
00000008 D3D10000 00000000 00000000 00000002 00000001 00000000 00000001 00000000 00000000 00000000 00000002 00000000 00000000 00000000 000007f1 00000000 00000010
00000009 05010001 00000000 00000001 00000002 00000001 00000000 00000001 00000000 00000000 00000000 00000002 00000000 00000000 00000000 000007f1 00000000 00000010
0000000A 8135000E 00000000 0000000e 00000002 00000001 00000000 00000001 00000000 00000000 00000000 00000002 00000000 00000000 00000000 000007f1 00000000 00000010
0000000B 02300000 00000000 00000000 00000002 00000001 00000000 00000001 00000000 00000000 00000000 00000002 00000000 00000000 00000000 000007f1 00000000 00000010
0000000C 0DD10003 00000000 00000003 00000001 00000001 00000000 00000001 00000000 00000000 00000000 00000002 00000000 00000000 00000000 000007f1 00000000 00000010
0000000D 7F000000 00000000 00000000 00000001 00000001 00000000 00000001 00000000 00000000 00000000 00000002 00000000 00000000 00000000 000007f4 00000000 00000010
00000010 09210000 00000000 00000000 00000001 00000001 00000000 00000001 00000000 00000000 00000000 00000002 00000000 00000000 00000000 000007f4 00000000 00000010
00000011 C3D10000 00000000 00000000 00000001 00000001 00000000 00000001 00000000 00000000 00000000 00000001 00000000 00000000 00000000 000007f4 00000000 00000010
00000012 13310002 00000000 00000002 00000001 00000002 00000000 00000001 00000000 00000000 00000000 00000001 00000000 00000000 00000000 000007f4 00000000 00000010
00000013 B1000005 00000000 00000005 00000001 00000000 00000000 00000001 00000000 00000000 00000000 00000001 00000000 00000000 00000000 000007f4 00000000 00000010
00000005 0DD1FFFD 00000000 fffffffd 00000001 00000000 00000000 00000001 00000000 00000000 00000000 00000001 00000000 00000000 00000000 000007f4 00000000 00000014
00000006 D9D10002 00000000 00000002 00000001 00000000 00000000 00000001 00000000 00000000 00000000 00000001 00000000 00000000 00000000 000007f1 00000000 00000014
00000007 DFD10001 00000000 00000001 00000001 00000000 00000000 00000001 00000000 00000000 00000000 00000001 00000000 00000000 00000000 000007f1 00000000 00000014
00000008 D3D10000 00000000 00000000 00000001 00000000 00000000 00000001 00000000 00000000 00000000 00000001 00000000 00000000 00000000 000007f1 00000000 00000014
00000009 05010001 00000000 00000001 00000001 00000000 00000000 00000001 00000000 00000000 00000000 00000001 00000000 00000000 00000000 000007f1 00000000 00000014
0000000A 8135000E 00000000 0000000e 00000001 00000000 00000000 00000001 00000000 00000000 00000000 00000001 00000000 00000000 00000000 000007f1 00000000 00000014
0000000B 02300000 00000000 00000000 00000001 00000000 00000000 00000001 00000000 00000000 00000000 00000001 00000000 00000000 00000000 000007f1 00000000 00000014
0000000C 0DD10003 00000000 00000003 00000000 00000000 00000000 00000001 00000000 00000000 00000000 00000001 00000000 00000000 00000000 000007f1 00000000 00000014
0000000D 7F000000 00000000 00000000 00000000 00000000 00000000 00000001 00000000 00000000 00000000 00000001 00000000 00000000 00000000 000007f4 00000000 00000014
00000014 02290000 00000000 00000000 00000000 00000000 00000000 00000001 00000000 00000000 00000000 00000001 00000000 00000000 00000000 000007f4 00000000 00000014
00000015 C3D10000 00000000 00000000 00000001 00000000 00000000 00000001 00000000 00000000 00000000 00000001 00000000 00000000 00000000 000007f4 00000000 00000014
00000016 CFD10001 00000000 00000001 00000001 00000002 00000000 00000001 00000000 00000000 00000000 00000001 00000000 00000000 00000000 000007f4 00000000 00000014
00000017 C9D10002 00000000 00000002 00000001 00000002 00000000 00000001 00000000 00000000 00000000 00000001 00000000 00000000 00000000 000007f4 00000000 00000014
00000018 0DD10003 00000000 00000003 00000001 00000002 00000000 00000001 00000000 00000000 00000000 00000002 00000000 00000000 00000000 000007f4 00000000 00000014
00000019 7F000000 00000000 00000000 00000001 00000002 00000000 00000001 00000000 00000000 00000000 00000002 00000000 00000000 00000000 000007f7 00000000 00000014
00000014 02290000 00000000 00000000 00000001 00000002 00000000 00000001 00000000 00000000 00000000 00000002 00000000 00000000 00000000 000007f7 00000000 00000014
00000015 C3D10000 00000000 00000000 00000003 00000002 00000000 00000001 00000000 00000000 00000000 00000002 00000000 00000000 00000000 000007f7 00000000 00000014
00000016 CFD10001 00000000 00000001 00000003 00000004 00000000 00000001 00000000 00000000 00000000 00000002 00000000 00000000 00000000 000007f7 00000000 00000014
00000017 C9D10002 00000000 00000002 00000003 00000004 00000000 00000001 00000000 00000000 00000000 00000002 00000000 00000000 00000000 000007f7 00000000 00000014
00000018 0DD10003 00000000 00000003 00000003 00000004 00000000 00000001 00000000 00000000 00000000 00000005 00000000 00000000 00000000 000007f7 00000000 00000014
00000019 7F000000 00000000 00000000 00000003 00000004 00000000 00000001 00000000 00000000 00000000 00000005 00000000 00000000 00000000 000007fa 00000000 00000014
00000014 02290000 00000000 00000000 00000003 00000004 00000000 00000001 00000000 00000000 00000000 00000005 00000000 00000000 00000000 000007fa 00000000 00000014
00000015 C3D10000 00000000 00000000 00000008 00000004 00000000 00000001 00000000 00000000 00000000 00000005 00000000 00000000 00000000 000007fa 00000000 00000014
00000016 CFD10001 00000000 00000001 00000008 00000006 00000000 00000001 00000000 00000000 00000000 00000005 00000000 00000000 00000000 000007fa 00000000 00000014
00000017 C9D10002 00000000 00000002 00000008 00000006 00000000 00000001 00000000 00000000 00000000 00000005 00000000 00000000 00000000 000007fa 00000000 00000010
00000018 0DD10003 00000000 00000003 00000008 00000006 00000000 00000001 00000000 00000000 00000000 00000000 00000000 00000000 00000000 000007fa 00000000 00000010
00000019 7F000000 00000000 00000000 00000008 00000006 00000000 00000001 00000000 00000000 00000000 00000000 00000000 00000000 00000000 000007fd 00000000 00000010
00000010 09210000 00000000 00000000 00000008 00000006 00000000 00000001 00000000 00000000 00000000 00000000 00000000 00000000 00000000 000007fd 00000000 00000010
00000011 C3D10000 00000000 00000000 00000008 00000006 00000000 00000001 00000000 00000000 00000000 00000008 00000000 00000000 00000000 000007fd 00000000 00000010
00000012 13310002 00000000 00000002 00000008 00000007 00000000 00000001 00000000 00000000 00000000 00000008 00000000 00000000 00000000 000007fd 00000000 00000010
00000013 B1000005 00000000 00000005 00000008 00000005 00000000 00000001 00000000 00000000 00000000 00000008 00000000 00000000 00000000 000007fd 00000000 00000010
00000005 0DD1FFFD 00000000 fffffffd 00000008 00000005 00000000 00000001 00000000 00000000 00000000 00000008 00000000 00000000 00000000 000007fd 00000000 00000014
00000006 D9D10002 00000000 00000002 00000008 00000005 00000000 00000001 00000000 00000000 00000000 00000008 00000000 00000000 00000000 000007fa 00000000 00000014
00000007 DFD10001 00000000 00000001 00000008 00000005 00000000 00000001 00000000 00000000 00000000 00000008 00000000 00000000 00000000 000007fa 00000000 00000014
00000008 D3D10000 00000000 00000000 00000008 00000005 00000000 00000001 00000000 00000000 00000000 00000008 00000000 00000000 00000000 000007fa 00000000 00000014
00000009 05010001 00000000 00000001 00000008 00000005 00000000 00000001 00000000 00000000 00000000 00000008 00000000 00000000 00000000 000007fa 00000000 00000014
0000000A 8135000E 00000000 0000000e 00000008 00000005 00000000 00000001 00000000 00000000 00000000 00000008 00000000 00000000 00000000 000007fa 00000000 00000014
0000000E 13310001 00000000 00000001 00000008 00000005 00000000 00000001 00000000 00000000 00000000 00000008 00000000 00000000 00000000 000007fa 00000000 00000014
0000000F B1000005 00000000 00000005 00000008 00000004 00000000 00000001 00000000 00000000 00000000 00000008 00000000 00000000 00000000 000007fa 00000000 00000014
00000005 0DD1FFFD 00000000 fffffffd 00000008 00000004 00000000 00000001 00000000 00000000 00000000 00000008 00000000 00000000 00000000 000007fa 00000000 00000010
00000006 D9D10002 00000000 00000002 00000008 00000004 00000000 00000001 00000000 00000000 00000000 00000008 00000000 00000000 00000000 000007f7 00000000 00000010
00000007 DFD10001 00000000 00000001 00000008 00000004 00000000 00000001 00000000 00000000 00000000 00000008 00000000 00000000 00000000 000007f7 00000000 00000010
00000008 D3D10000 00000000 00000000 00000008 00000004 00000000 00000001 00000000 00000000 00000000 00000008 00000000 00000000 00000000 000007f7 00000000 00000010
00000009 05010001 00000000 00000001 00000008 00000004 00000000 00000001 00000000 00000000 00000000 00000008 00000000 00000000 00000000 000007f7 00000000 00000010
0000000A 8135000E 00000000 0000000e 00000008 00000004 00000000 00000001 00000000 00000000 00000000 00000008 00000000 00000000 00000000 000007f7 00000000 00000010
0000000E 13310001 00000000 00000001 00000008 00000004 00000000 00000001 00000000 00000000 00000000 00000008 00000000 00000000 00000000 000007f7 00000000 00000010
0000000F B1000005 00000000 00000005 00000008 00000003 00000000 00000001 00000000 00000000 00000000 00000008 00000000 00000000 00000000 000007f7 00000000 00000010
00000005 0DD1FFFD 00000000 fffffffd 00000008 00000003 00000000 00000001 00000000 00000000 00000000 00000008 00000000 00000000 00000000 000007f7 00000000 00000010
00000006 D9D10002 00000000 00000002 00000008 00000003 00000000 00000001 00000000 00000000 00000000 00000008 00000000 00000000 00000000 000007f4 00000000 00000010
00000007 DFD10001 00000000 00000001 00000008 00000003 00000000 00000001 00000000 00000000 00000000 00000008 00000000 00000000 00000000 000007f4 00000000 00000010
00000008 D3D10000 00000000 00000000 00000008 00000003 00000000 00000001 00000000 00000000 00000000 00000008 00000000 00000000 00000000 000007f4 00000000 00000010
00000009 05010001 00000000 00000001 00000008 00000003 00000000 00000001 00000000 00000000 00000000 00000008 00000000 00000000 00000000 000007f4 00000000 00000010
0000000A 8135000E 00000000 0000000e 00000008 00000003 00000000 00000001 00000000 00000000 00000000 00000008 00000000 00000000 00000000 000007f4 00000000 00000010
0000000E 13310001 00000000 00000001 00000008 00000003 00000000 00000001 00000000 00000000 00000000 00000008 00000000 00000000 00000000 000007f4 00000000 00000010
0000000F B1000005 00000000 00000005 00000008 00000002 00000000 00000001 00000000 00000000 00000000 00000008 00000000 00000000 00000000 000007f4 00000000 00000010
00000005 0DD1FFFD 00000000 fffffffd 00000008 00000002 00000000 00000001 00000000 00000000 00000000 00000008 00000000 00000000 00000000 000007f4 00000000 00000010
00000006 D9D10002 00000000 00000002 00000008 00000002 00000000 00000001 00000000 00000000 00000000 00000008 00000000 00000000 00000000 000007f1 00000000 00000010
00000007 DFD10001 00000000 00000001 00000008 00000002 00000000 00000001 00000000 00000000 00000000 00000008 00000000 00000000 00000000 000007f1 00000000 00000010
00000008 D3D10000 00000000 00000000 00000008 00000002 00000000 00000001 00000000 00000000 00000000 00000008 00000000 00000000 00000000 000007f1 00000000 00000010
00000009 05010001 00000000 00000001 00000008 00000002 00000000 00000001 00000000 00000000 00000000 00000008 00000000 00000000 00000000 000007f1 00000000 00000010
0000000A 8135000E 00000000 0000000e 00000008 00000002 00000000 00000001 00000000 00000000 00000000 00000008 00000000 00000000 00000000 000007f1 00000000 00000010
0000000E 13310001 00000000 00000001 00000008 00000002 00000000 00000001 00000000 00000000 00000000 00000008 00000000 00000000 00000000 000007f1 00000000 00000010
0000000F B1000005 00000000 00000005 00000008 00000001 00000000 00000001 00000000 00000000 00000000 00000008 00000000 00000000 00000000 000007f1 00000000 00000010
00000005 0DD1FFFD 00000000 fffffffd 00000008 00000001 00000000 00000001 00000000 00000000 00000000 00000008 00000000 00000000 00000000 000007f1 00000000 00000010
00000006 D9D10002 00000000 00000002 00000008 00000001 00000000 00000001 00000000 00000000 00000000 00000008 00000000 00000000 00000000 000007ee 00000000 00000010
00000007 DFD10001 00000000 00000001 00000008 00000001 00000000 00000001 00000000 00000000 00000000 00000008 00000000 00000000 00000000 000007ee 00000000 00000010
00000008 D3D10000 00000000 00000000 00000008 00000001 00000000 00000001 00000000 00000000 00000000 00000008 00000000 00000000 00000000 000007ee 00000000 00000010
00000009 05010001 00000000 00000001 00000008 00000001 00000000 00000001 00000000 00000000 00000000 00000008 00000000 00000000 00000000 000007ee 00000000 00000010
0000000A 8135000E 00000000 0000000e 00000008 00000001 00000000 00000001 00000000 00000000 00000000 00000008 00000000 00000000 00000000 000007ee 00000000 00000010
0000000B 02300000 00000000 00000000 00000008 00000001 00000000 00000001 00000000 00000000 00000000 00000008 00000000 00000000 00000000 000007ee 00000000 00000010
0000000C 0DD10003 00000000 00000003 00000001 00000001 00000000 00000001 00000000 00000000 00000000 00000008 00000000 00000000 00000000 000007ee 00000000 00000010
0000000D 7F000000 00000000 00000000 00000001 00000001 00000000 00000001 00000000 00000000 00000000 00000008 00000000 00000000 00000000 000007f1 00000000 00000010
00000010 09210000 00000000 00000000 00000001 00000001 00000000 00000001 00000000 00000000 00000000 00000008 00000000 00000000 00000000 000007f1 00000000 00000010
00000011 C3D10000 00000000 00000000 00000001 00000001 00000000 00000001 00000000 00000000 00000000 00000001 00000000 00000000 00000000 000007f1 00000000 00000010
00000012 13310002 00000000 00000002 00000001 00000002 00000000 00000001 00000000 00000000 00000000 00000001 00000000 00000000 00000000 000007f1 00000000 00000010
00000013 B1000005 00000000 00000005 00000001 00000000 00000000 00000001 00000000 00000000 00000000 00000001 00000000 00000000 00000000 000007f1 00000000 00000010
00000005 0DD1FFFD 00000000 fffffffd 00000001 00000000 00000000 00000001 00000000 00000000 00000000 00000001 00000000 00000000 00000000 000007f1 00000000 00000014
00000006 D9D10002 00000000 00000002 00000001 00000000 00000000 00000001 00000000 00000000 00000000 00000001 00000000 00000000 00000000 000007ee 00000000 00000014
00000007 DFD10001 00000000 00000001 00000001 00000000 00000000 00000001 00000000 00000000 00000000 00000001 00000000 00000000 00000000 000007ee 00000000 00000014
00000008 D3D10000 00000000 00000000 00000001 00000000 00000000 00000001 00000000 00000000 00000000 00000001 00000000 00000000 00000000 000007ee 00000000 00000014
00000009 05010001 00000000 00000001 00000001 00000000 00000000 00000001 00000000 00000000 00000000 00000001 00000000 00000000 00000000 000007ee 00000000 00000014
0000000A 8135000E 00000000 0000000e 00000001 00000000 00000000 00000001 00000000 00000000 00000000 00000001 00000000 00000000 00000000 000007ee 00000000 00000014
0000000B 02300000 00000000 00000000 00000001 00000000 00000000 00000001 00000000 00000000 00000000 00000001 00000000 00000000 00000000 000007ee 00000000 00000014
0000000C 0DD10003 00000000 00000003 00000000 00000000 00000000 00000001 00000000 00000000 00000000 00000001 00000000 00000000 00000000 000007ee 00000000 00000014
0000000D 7F000000 00000000 00000000 00000000 00000000 00000000 00000001 00000000 00000000 00000000 00000001 00000000 00000000 00000000 000007f1 00000000 00000014
00000014 02290000 00000000 00000000 00000000 00000000 00000000 00000001 00000000 00000000 00000000 00000001 00000000 00000000 00000000 000007f1 00000000 00000014
00000015 C3D10000 00000000 00000000 00000001 00000000 00000000 00000001 00000000 00000000 00000000 00000001 00000000 00000000 00000000 000007f1 00000000 00000014
00000016 CFD10001 00000000 00000001 00000001 00000002 00000000 00000001 00000000 00000000 00000000 00000001 00000000 00000000 00000000 000007f1 00000000 00000014
00000017 C9D10002 00000000 00000002 00000001 00000002 00000000 00000001 00000000 00000000 00000000 00000001 00000000 00000000 00000000 000007f1 00000000 00000010
00000018 0DD10003 00000000 00000003 00000001 00000002 00000000 00000001 00000000 00000000 00000000 00000008 00000000 00000000 00000000 000007f1 00000000 00000010
00000019 7F000000 00000000 00000000 00000001 00000002 00000000 00000001 00000000 00000000 00000000 00000008 00000000 00000000 00000000 000007f4 00000000 00000010
00000010 09210000 00000000 00000000 00000001 00000002 00000000 00000001 00000000 00000000 00000000 00000008 00000000 00000000 00000000 000007f4 00000000 00000010
00000011 C3D10000 00000000 00000000 00000001 00000002 00000000 00000001 00000000 00000000 00000000 00000001 00000000 00000000 00000000 000007f4 00000000 00000010
00000012 13310002 00000000 00000002 00000001 00000003 00000000 00000001 00000000 00000000 00000000 00000001 00000000 00000000 00000000 000007f4 00000000 00000010
00000013 B1000005 00000000 00000005 00000001 00000001 00000000 00000001 00000000 00000000 00000000 00000001 00000000 00000000 00000000 000007f4 00000000 00000010
00000005 0DD1FFFD 00000000 fffffffd 00000001 00000001 00000000 00000001 00000000 00000000 00000000 00000001 00000000 00000000 00000000 000007f4 00000000 00000014
00000006 D9D10002 00000000 00000002 00000001 00000001 00000000 00000001 00000000 00000000 00000000 00000001 00000000 00000000 00000000 000007f1 00000000 00000014
00000007 DFD10001 00000000 00000001 00000001 00000001 00000000 00000001 00000000 00000000 00000000 00000001 00000000 00000000 00000000 000007f1 00000000 00000014
00000008 D3D10000 00000000 00000000 00000001 00000001 00000000 00000001 00000000 00000000 00000000 00000001 00000000 00000000 00000000 000007f1 00000000 00000014
00000009 05010001 00000000 00000001 00000001 00000001 00000000 00000001 00000000 00000000 00000000 00000001 00000000 00000000 00000000 000007f1 00000000 00000014
0000000A 8135000E 00000000 0000000e 00000001 00000001 00000000 00000001 00000000 00000000 00000000 00000001 00000000 00000000 00000000 000007f1 00000000 00000014
0000000B 02300000 00000000 00000000 00000001 00000001 00000000 00000001 00000000 00000000 00000000 00000001 00000000 00000000 00000000 000007f1 00000000 00000014
0000000C 0DD10003 00000000 00000003 00000001 00000001 00000000 00000001 00000000 00000000 00000000 00000001 00000000 00000000 00000000 000007f1 00000000 00000014
0000000D 7F000000 00000000 00000000 00000001 00000001 00000000 00000001 00000000 00000000 00000000 00000001 00000000 00000000 00000000 000007f4 00000000 00000014
00000014 02290000 00000000 00000000 00000001 00000001 00000000 00000001 00000000 00000000 00000000 00000001 00000000 00000000 00000000 000007f4 00000000 00000014
00000015 C3D10000 00000000 00000000 00000002 00000001 00000000 00000001 00000000 00000000 00000000 00000001 00000000 00000000 00000000 000007f4 00000000 00000014
00000016 CFD10001 00000000 00000001 00000002 00000003 00000000 00000001 00000000 00000000 00000000 00000001 00000000 00000000 00000000 000007f4 00000000 00000014
00000017 C9D10002 00000000 00000002 00000002 00000003 00000000 00000001 00000000 00000000 00000000 00000001 00000000 00000000 00000000 000007f4 00000000 00000010
00000018 0DD10003 00000000 00000003 00000002 00000003 00000000 00000001 00000000 00000000 00000000 00000008 00000000 00000000 00000000 000007f4 00000000 00000010
00000019 7F000000 00000000 00000000 00000002 00000003 00000000 00000001 00000000 00000000 00000000 00000008 00000000 00000000 00000000 000007f7 00000000 00000010
00000010 09210000 00000000 00000000 00000002 00000003 00000000 00000001 00000000 00000000 00000000 00000008 00000000 00000000 00000000 000007f7 00000000 00000010
00000011 C3D10000 00000000 00000000 00000002 00000003 00000000 00000001 00000000 00000000 00000000 00000002 00000000 00000000 00000000 000007f7 00000000 00000010
00000012 13310002 00000000 00000002 00000002 00000004 00000000 00000001 00000000 00000000 00000000 00000002 00000000 00000000 00000000 000007f7 00000000 00000010
00000013 B1000005 00000000 00000005 00000002 00000002 00000000 00000001 00000000 00000000 00000000 00000002 00000000 00000000 00000000 000007f7 00000000 00000010
00000005 0DD1FFFD 00000000 fffffffd 00000002 00000002 00000000 00000001 00000000 00000000 00000000 00000002 00000000 00000000 00000000 000007f7 00000000 00000014
00000006 D9D10002 00000000 00000002 00000002 00000002 00000000 00000001 00000000 00000000 00000000 00000002 00000000 00000000 00000000 000007f4 00000000 00000014
00000007 DFD10001 00000000 00000001 00000002 00000002 00000000 00000001 00000000 00000000 00000000 00000002 00000000 00000000 00000000 000007f4 00000000 00000014
00000008 D3D10000 00000000 00000000 00000002 00000002 00000000 00000001 00000000 00000000 00000000 00000002 00000000 00000000 00000000 000007f4 00000000 00000014
00000009 05010001 00000000 00000001 00000002 00000002 00000000 00000001 00000000 00000000 00000000 00000002 00000000 00000000 00000000 000007f4 00000000 00000014
0000000A 8135000E 00000000 0000000e 00000002 00000002 00000000 00000001 00000000 00000000 00000000 00000002 00000000 00000000 00000000 000007f4 00000000 00000014
0000000E 13310001 00000000 00000001 00000002 00000002 00000000 00000001 00000000 00000000 00000000 00000002 00000000 00000000 00000000 000007f4 00000000 00000014
0000000F B1000005 00000000 00000005 00000002 00000001 00000000 00000001 00000000 00000000 00000000 00000002 00000000 00000000 00000000 000007f4 00000000 00000014
00000005 0DD1FFFD 00000000 fffffffd 00000002 00000001 00000000 00000001 00000000 00000000 00000000 00000002 00000000 00000000 00000000 000007f4 00000000 00000010
00000006 D9D10002 00000000 00000002 00000002 00000001 00000000 00000001 00000000 00000000 00000000 00000002 00000000 00000000 00000000 000007f1 00000000 00000010
00000007 DFD10001 00000000 00000001 00000002 00000001 00000000 00000001 00000000 00000000 00000000 00000002 00000000 00000000 00000000 000007f1 00000000 00000010
00000008 D3D10000 00000000 00000000 00000002 00000001 00000000 00000001 00000000 00000000 00000000 00000002 00000000 00000000 00000000 000007f1 00000000 00000010
00000009 05010001 00000000 00000001 00000002 00000001 00000000 00000001 00000000 00000000 00000000 00000002 00000000 00000000 00000000 000007f1 00000000 00000010
0000000A 8135000E 00000000 0000000e 00000002 00000001 00000000 00000001 00000000 00000000 00000000 00000002 00000000 00000000 00000000 000007f1 00000000 00000010
0000000B 02300000 00000000 00000000 00000002 00000001 00000000 00000001 00000000 00000000 00000000 00000002 00000000 00000000 00000000 000007f1 00000000 00000010
0000000C 0DD10003 00000000 00000003 00000001 00000001 00000000 00000001 00000000 00000000 00000000 00000002 00000000 00000000 00000000 000007f1 00000000 00000010
0000000D 7F000000 00000000 00000000 00000001 00000001 00000000 00000001 00000000 00000000 00000000 00000002 00000000 00000000 00000000 000007f4 00000000 00000010
00000010 09210000 00000000 00000000 00000001 00000001 00000000 00000001 00000000 00000000 00000000 00000002 00000000 00000000 00000000 000007f4 00000000 00000010
00000011 C3D10000 00000000 00000000 00000001 00000001 00000000 00000001 00000000 00000000 00000000 00000001 00000000 00000000 00000000 000007f4 00000000 00000010
00000012 13310002 00000000 00000002 00000001 00000002 00000000 00000001 00000000 00000000 00000000 00000001 00000000 00000000 00000000 000007f4 00000000 00000010
00000013 B1000005 00000000 00000005 00000001 00000000 00000000 00000001 00000000 00000000 00000000 00000001 00000000 00000000 00000000 000007f4 00000000 00000010
00000005 0DD1FFFD 00000000 fffffffd 00000001 00000000 00000000 00000001 00000000 00000000 00000000 00000001 00000000 00000000 00000000 000007f4 00000000 00000014
00000006 D9D10002 00000000 00000002 00000001 00000000 00000000 00000001 00000000 00000000 00000000 00000001 00000000 00000000 00000000 000007f1 00000000 00000014
00000007 DFD10001 00000000 00000001 00000001 00000000 00000000 00000001 00000000 00000000 00000000 00000001 00000000 00000000 00000000 000007f1 00000000 00000014
00000008 D3D10000 00000000 00000000 00000001 00000000 00000000 00000001 00000000 00000000 00000000 00000001 00000000 00000000 00000000 000007f1 00000000 00000014
00000009 05010001 00000000 00000001 00000001 00000000 00000000 00000001 00000000 00000000 00000000 00000001 00000000 00000000 00000000 000007f1 00000000 00000014
0000000A 8135000E 00000000 0000000e 00000001 00000000 00000000 00000001 00000000 00000000 00000000 00000001 00000000 00000000 00000000 000007f1 00000000 00000014
0000000B 02300000 00000000 00000000 00000001 00000000 00000000 00000001 00000000 00000000 00000000 00000001 00000000 00000000 00000000 000007f1 00000000 00000014
0000000C 0DD10003 00000000 00000003 00000000 00000000 00000000 00000001 00000000 00000000 00000000 00000001 00000000 00000000 00000000 000007f1 00000000 00000014
0000000D 7F000000 00000000 00000000 00000000 00000000 00000000 00000001 00000000 00000000 00000000 00000001 00000000 00000000 00000000 000007f4 00000000 00000014
00000014 02290000 00000000 00000000 00000000 00000000 00000000 00000001 00000000 00000000 00000000 00000001 00000000 00000000 00000000 000007f4 00000000 00000014
00000015 C3D10000 00000000 00000000 00000001 00000000 00000000 00000001 00000000 00000000 00000000 00000001 00000000 00000000 00000000 000007f4 00000000 00000014
00000016 CFD10001 00000000 00000001 00000001 00000002 00000000 00000001 00000000 00000000 00000000 00000001 00000000 00000000 00000000 000007f4 00000000 00000014
00000017 C9D10002 00000000 00000002 00000001 00000002 00000000 00000001 00000000 00000000 00000000 00000001 00000000 00000000 00000000 000007f4 00000000 00000014
00000018 0DD10003 00000000 00000003 00000001 00000002 00000000 00000001 00000000 00000000 00000000 00000002 00000000 00000000 00000000 000007f4 00000000 00000014
00000019 7F000000 00000000 00000000 00000001 00000002 00000000 00000001 00000000 00000000 00000000 00000002 00000000 00000000 00000000 000007f7 00000000 00000014
00000014 02290000 00000000 00000000 00000001 00000002 00000000 00000001 00000000 00000000 00000000 00000002 00000000 00000000 00000000 000007f7 00000000 00000014
00000015 C3D10000 00000000 00000000 00000003 00000002 00000000 00000001 00000000 00000000 00000000 00000002 00000000 00000000 00000000 000007f7 00000000 00000014
00000016 CFD10001 00000000 00000001 00000003 00000004 00000000 00000001 00000000 00000000 00000000 00000002 00000000 00000000 00000000 000007f7 00000000 00000014
00000017 C9D10002 00000000 00000002 00000003 00000004 00000000 00000001 00000000 00000000 00000000 00000002 00000000 00000000 00000000 000007f7 00000000 00000010
00000018 0DD10003 00000000 00000003 00000003 00000004 00000000 00000001 00000000 00000000 00000000 00000008 00000000 00000000 00000000 000007f7 00000000 00000010
00000019 7F000000 00000000 00000000 00000003 00000004 00000000 00000001 00000000 00000000 00000000 00000008 00000000 00000000 00000000 000007fa 00000000 00000010
00000010 09210000 00000000 00000000 00000003 00000004 00000000 00000001 00000000 00000000 00000000 00000008 00000000 00000000 00000000 000007fa 00000000 00000010
00000011 C3D10000 00000000 00000000 00000003 00000004 00000000 00000001 00000000 00000000 00000000 00000003 00000000 00000000 00000000 000007fa 00000000 00000010
00000012 13310002 00000000 00000002 00000003 00000005 00000000 00000001 00000000 00000000 00000000 00000003 00000000 00000000 00000000 000007fa 00000000 00000010
00000013 B1000005 00000000 00000005 00000003 00000003 00000000 00000001 00000000 00000000 00000000 00000003 00000000 00000000 00000000 000007fa 00000000 00000010
00000005 0DD1FFFD 00000000 fffffffd 00000003 00000003 00000000 00000001 00000000 00000000 00000000 00000003 00000000 00000000 00000000 000007fa 00000000 00000014
00000006 D9D10002 00000000 00000002 00000003 00000003 00000000 00000001 00000000 00000000 00000000 00000003 00000000 00000000 00000000 000007f7 00000000 00000014
00000007 DFD10001 00000000 00000001 00000003 00000003 00000000 00000001 00000000 00000000 00000000 00000003 00000000 00000000 00000000 000007f7 00000000 00000014
00000008 D3D10000 00000000 00000000 00000003 00000003 00000000 00000001 00000000 00000000 00000000 00000003 00000000 00000000 00000000 000007f7 00000000 00000014
00000009 05010001 00000000 00000001 00000003 00000003 00000000 00000001 00000000 00000000 00000000 00000003 00000000 00000000 00000000 000007f7 00000000 00000014
0000000A 8135000E 00000000 0000000e 00000003 00000003 00000000 00000001 00000000 00000000 00000000 00000003 00000000 00000000 00000000 000007f7 00000000 00000014
0000000E 13310001 00000000 00000001 00000003 00000003 00000000 00000001 00000000 00000000 00000000 00000003 00000000 00000000 00000000 000007f7 00000000 00000014
0000000F B1000005 00000000 00000005 00000003 00000002 00000000 00000001 00000000 00000000 00000000 00000003 00000000 00000000 00000000 000007f7 00000000 00000014
00000005 0DD1FFFD 00000000 fffffffd 00000003 00000002 00000000 00000001 00000000 00000000 00000000 00000003 00000000 00000000 00000000 000007f7 00000000 00000010
00000006 D9D10002 00000000 00000002 00000003 00000002 00000000 00000001 00000000 00000000 00000000 00000003 00000000 00000000 00000000 000007f4 00000000 00000010
00000007 DFD10001 00000000 00000001 00000003 00000002 00000000 00000001 00000000 00000000 00000000 00000003 00000000 00000000 00000000 000007f4 00000000 00000010
00000008 D3D10000 00000000 00000000 00000003 00000002 00000000 00000001 00000000 00000000 00000000 00000003 00000000 00000000 00000000 000007f4 00000000 00000010
00000009 05010001 00000000 00000001 00000003 00000002 00000000 00000001 00000000 00000000 00000000 00000003 00000000 00000000 00000000 000007f4 00000000 00000010
0000000A 8135000E 00000000 0000000e 00000003 00000002 00000000 00000001 00000000 00000000 00000000 00000003 00000000 00000000 00000000 000007f4 00000000 00000010
0000000E 13310001 00000000 00000001 00000003 00000002 00000000 00000001 00000000 00000000 00000000 00000003 00000000 00000000 00000000 000007f4 00000000 00000010
0000000F B1000005 00000000 00000005 00000003 00000001 00000000 00000001 00000000 00000000 00000000 00000003 00000000 00000000 00000000 000007f4 00000000 00000010
00000005 0DD1FFFD 00000000 fffffffd 00000003 00000001 00000000 00000001 00000000 00000000 00000000 00000003 00000000 00000000 00000000 000007f4 00000000 00000010
00000006 D9D10002 00000000 00000002 00000003 00000001 00000000 00000001 00000000 00000000 00000000 00000003 00000000 00000000 00000000 000007f1 00000000 00000010
00000007 DFD10001 00000000 00000001 00000003 00000001 00000000 00000001 00000000 00000000 00000000 00000003 00000000 00000000 00000000 000007f1 00000000 00000010
00000008 D3D10000 00000000 00000000 00000003 00000001 00000000 00000001 00000000 00000000 00000000 00000003 00000000 00000000 00000000 000007f1 00000000 00000010
00000009 05010001 00000000 00000001 00000003 00000001 00000000 00000001 00000000 00000000 00000000 00000003 00000000 00000000 00000000 000007f1 00000000 00000010
0000000A 8135000E 00000000 0000000e 00000003 00000001 00000000 00000001 00000000 00000000 00000000 00000003 00000000 00000000 00000000 000007f1 00000000 00000010
0000000B 02300000 00000000 00000000 00000003 00000001 00000000 00000001 00000000 00000000 00000000 00000003 00000000 00000000 00000000 000007f1 00000000 00000010
0000000C 0DD10003 00000000 00000003 00000001 00000001 00000000 00000001 00000000 00000000 00000000 00000003 00000000 00000000 00000000 000007f1 00000000 00000010
0000000D 7F000000 00000000 00000000 00000001 00000001 00000000 00000001 00000000 00000000 00000000 00000003 00000000 00000000 00000000 000007f4 00000000 00000010
00000010 09210000 00000000 00000000 00000001 00000001 00000000 00000001 00000000 00000000 00000000 00000003 00000000 00000000 00000000 000007f4 00000000 00000010
00000011 C3D10000 00000000 00000000 00000001 00000001 00000000 00000001 00000000 00000000 00000000 00000001 00000000 00000000 00000000 000007f4 00000000 00000010
00000012 13310002 00000000 00000002 00000001 00000002 00000000 00000001 00000000 00000000 00000000 00000001 00000000 00000000 00000000 000007f4 00000000 00000010
00000013 B1000005 00000000 00000005 00000001 00000000 00000000 00000001 00000000 00000000 00000000 00000001 00000000 00000000 00000000 000007f4 00000000 00000010
00000005 0DD1FFFD 00000000 fffffffd 00000001 00000000 00000000 00000001 00000000 00000000 00000000 00000001 00000000 00000000 00000000 000007f4 00000000 00000014
00000006 D9D10002 00000000 00000002 00000001 00000000 00000000 00000001 00000000 00000000 00000000 00000001 00000000 00000000 00000000 000007f1 00000000 00000014
00000007 DFD10001 00000000 00000001 00000001 00000000 00000000 00000001 00000000 00000000 00000000 00000001 00000000 00000000 00000000 000007f1 00000000 00000014
00000008 D3D10000 00000000 00000000 00000001 00000000 00000000 00000001 00000000 00000000 00000000 00000001 00000000 00000000 00000000 000007f1 00000000 00000014
00000009 05010001 00000000 00000001 00000001 00000000 00000000 00000001 00000000 00000000 00000000 00000001 00000000 00000000 00000000 000007f1 00000000 00000014
0000000A 8135000E 00000000 0000000e 00000001 00000000 00000000 00000001 00000000 00000000 00000000 00000001 00000000 00000000 00000000 000007f1 00000000 00000014
0000000B 02300000 00000000 00000000 00000001 00000000 00000000 00000001 00000000 00000000 00000000 00000001 00000000 00000000 00000000 000007f1 00000000 00000014
0000000C 0DD10003 00000000 00000003 00000000 00000000 00000000 00000001 00000000 00000000 00000000 00000001 00000000 00000000 00000000 000007f1 00000000 00000014
0000000D 7F000000 00000000 00000000 00000000 00000000 00000000 00000001 00000000 00000000 00000000 00000001 00000000 00000000 00000000 000007f4 00000000 00000014
00000014 02290000 00000000 00000000 00000000 00000000 00000000 00000001 00000000 00000000 00000000 00000001 00000000 00000000 00000000 000007f4 00000000 00000014
00000015 C3D10000 00000000 00000000 00000001 00000000 00000000 00000001 00000000 00000000 00000000 00000001 00000000 00000000 00000000 000007f4 00000000 00000014
00000016 CFD10001 00000000 00000001 00000001 00000002 00000000 00000001 00000000 00000000 00000000 00000001 00000000 00000000 00000000 000007f4 00000000 00000014
00000017 C9D10002 00000000 00000002 00000001 00000002 00000000 00000001 00000000 00000000 00000000 00000001 00000000 00000000 00000000 000007f4 00000000 00000010
00000018 0DD10003 00000000 00000003 00000001 00000002 00000000 00000001 00000000 00000000 00000000 00000003 00000000 00000000 00000000 000007f4 00000000 00000010
00000019 7F000000 00000000 00000000 00000001 00000002 00000000 00000001 00000000 00000000 00000000 00000003 00000000 00000000 00000000 000007f7 00000000 00000010
00000010 09210000 00000000 00000000 00000001 00000002 00000000 00000001 00000000 00000000 00000000 00000003 00000000 00000000 00000000 000007f7 00000000 00000010
00000011 C3D10000 00000000 00000000 00000001 00000002 00000000 00000001 00000000 00000000 00000000 00000001 00000000 00000000 00000000 000007f7 00000000 00000010
00000012 13310002 00000000 00000002 00000001 00000003 00000000 00000001 00000000 00000000 00000000 00000001 00000000 00000000 00000000 000007f7 00000000 00000010
00000013 B1000005 00000000 00000005 00000001 00000001 00000000 00000001 00000000 00000000 00000000 00000001 00000000 00000000 00000000 000007f7 00000000 00000010
00000005 0DD1FFFD 00000000 fffffffd 00000001 00000001 00000000 00000001 00000000 00000000 00000000 00000001 00000000 00000000 00000000 000007f7 00000000 00000014
00000006 D9D10002 00000000 00000002 00000001 00000001 00000000 00000001 00000000 00000000 00000000 00000001 00000000 00000000 00000000 000007f4 00000000 00000014
00000007 DFD10001 00000000 00000001 00000001 00000001 00000000 00000001 00000000 00000000 00000000 00000001 00000000 00000000 00000000 000007f4 00000000 00000014
00000008 D3D10000 00000000 00000000 00000001 00000001 00000000 00000001 00000000 00000000 00000000 00000001 00000000 00000000 00000000 000007f4 00000000 00000014
00000009 05010001 00000000 00000001 00000001 00000001 00000000 00000001 00000000 00000000 00000000 00000001 00000000 00000000 00000000 000007f4 00000000 00000014
0000000A 8135000E 00000000 0000000e 00000001 00000001 00000000 00000001 00000000 00000000 00000000 00000001 00000000 00000000 00000000 000007f4 00000000 00000014
0000000B 02300000 00000000 00000000 00000001 00000001 00000000 00000001 00000000 00000000 00000000 00000001 00000000 00000000 00000000 000007f4 00000000 00000014
0000000C 0DD10003 00000000 00000003 00000001 00000001 00000000 00000001 00000000 00000000 00000000 00000001 00000000 00000000 00000000 000007f4 00000000 00000014
0000000D 7F000000 00000000 00000000 00000001 00000001 00000000 00000001 00000000 00000000 00000000 00000001 00000000 00000000 00000000 000007f7 00000000 00000014
00000014 02290000 00000000 00000000 00000001 00000001 00000000 00000001 00000000 00000000 00000000 00000001 00000000 00000000 00000000 000007f7 00000000 00000014
00000015 C3D10000 00000000 00000000 00000002 00000001 00000000 00000001 00000000 00000000 00000000 00000001 00000000 00000000 00000000 000007f7 00000000 00000014
00000016 CFD10001 00000000 00000001 00000002 00000003 00000000 00000001 00000000 00000000 00000000 00000001 00000000 00000000 00000000 000007f7 00000000 00000014
00000017 C9D10002 00000000 00000002 00000002 00000003 00000000 00000001 00000000 00000000 00000000 00000001 00000000 00000000 00000000 000007f7 00000000 00000014
00000018 0DD10003 00000000 00000003 00000002 00000003 00000000 00000001 00000000 00000000 00000000 00000003 00000000 00000000 00000000 000007f7 00000000 00000014
00000019 7F000000 00000000 00000000 00000002 00000003 00000000 00000001 00000000 00000000 00000000 00000003 00000000 00000000 00000000 000007fa 00000000 00000014
00000014 02290000 00000000 00000000 00000002 00000003 00000000 00000001 00000000 00000000 00000000 00000003 00000000 00000000 00000000 000007fa 00000000 00000014
00000015 C3D10000 00000000 00000000 00000005 00000003 00000000 00000001 00000000 00000000 00000000 00000003 00000000 00000000 00000000 000007fa 00000000 00000014
00000016 CFD10001 00000000 00000001 00000005 00000005 00000000 00000001 00000000 00000000 00000000 00000003 00000000 00000000 00000000 000007fa 00000000 00000014
00000017 C9D10002 00000000 00000002 00000005 00000005 00000000 00000001 00000000 00000000 00000000 00000003 00000000 00000000 00000000 000007fa 00000000 00000014
00000018 0DD10003 00000000 00000003 00000005 00000005 00000000 00000001 00000000 00000000 00000000 00000008 00000000 00000000 00000000 000007fa 00000000 00000014
00000019 7F000000 00000000 00000000 00000005 00000005 00000000 00000001 00000000 00000000 00000000 00000008 00000000 00000000 00000000 000007fd 00000000 00000014
00000014 02290000 00000000 00000000 00000005 00000005 00000000 00000001 00000000 00000000 00000000 00000008 00000000 00000000 00000000 000007fd 00000000 00000014
00000015 C3D10000 00000000 00000000 0000000d 00000005 00000000 00000001 00000000 00000000 00000000 00000008 00000000 00000000 00000000 000007fd 00000000 00000014
00000016 CFD10001 00000000 00000001 0000000d 00000007 00000000 00000001 00000000 00000000 00000000 00000008 00000000 00000000 00000000 000007fd 00000000 00000014
00000017 C9D10002 00000000 00000002 0000000d 00000007 00000000 00000001 00000000 00000000 00000000 00000008 00000000 00000000 00000000 000007fd 00000000 00000003
00000018 0DD10003 00000000 00000003 0000000d 00000007 00000000 00000001 00000000 00000000 00000000 00000000 00000000 00000000 00000000 000007fd 00000000 00000003
00000019 7F000000 00000000 00000000 0000000d 00000007 00000000 00000001 00000000 00000000 00000000 00000000 00000000 00000000 00000000 00000800 00000000 00000003
00000003 D2010401 00000000 00000401 0000000d 00000007 00000000 00000001 00000000 00000000 00000000 00000000 00000000 00000000 00000000 00000800 00000000 00000003
00000004 F0000000 00000000 00000000 0000000d 00000007 00000000 00000001 00000000 00000000 00000000 00000000 00000000 00000000 00000000 00000800 00000000 00000003
